10
12
13
10
10
15
15
10
10
14
16
10
12
14
15
11
13
14
16
11
13
13
13
12
12
13
12
11
14
13
13
10
11
12
13
10
14
12
15
11
14
12
14
11
13
11
14
11
14
13
14
13
16
13
14
13
14
13
13
13
14
14
13
14
15
13
13
14
15
14
12
13
14
14
13
13
14
15
13
14
15
15
12
15
15
14
12
15
13
14
12
14
15
13
12
17
15
14
13
18
17
14
14
15
15
21
12
15
11
14
12
14
12
16
12
14
13
16
12
14
13
16
12
14
12
16
13
14
12
15
13
15
14
16
13
17
14
18
15
17
13
17
14
16
14
18
15
21
16
18
14
20
17
20
16
19
15
22
21
20
17
18
31
20
32
23
29
32
18
34
29
33
34
49
20
36
